     1
    13
    11
    10
    13
     1
    53
    41
    24
    10
    15
     4
     7
     7
    15
     1
    55
    44
    29
    11
    16
    12
     6
     8
    17
     1
    53
    39
    26
     9
    17
    12
     3
     7
    23
     1
    51
    41
    26
     7
    19
    12
     5
     7
    24
     1
    51
    43
    26
     8
    19
    11
     6
     5
    22
     1
    53
    44
    27
     7
    17
    13
     1
     7
    20
     1
    53
    37
    27
     5
    18
    10
     7
     7
    24
     1
    46
    39
    27
     8
    18
     9
     3
     6
    19
     1
    50
    40
    32
     9
    18
    11
    14
     6
    15
     1
    51
    42
    26
     2
    18
    12
     4
     4
    15
     1
    47
    39
    23
     2
    19
    10
     8
     6
    10
     1
    51
    44
    24
     5
    19
    14
     6
     8
     8
     1
    51
    38
    26
     4
    17
    11
     0
     8
     8
     1
    51
    44
    23
     6
    19
    12
     6
     8
    14
     1
    53
    44
    23
     7
    19
     8
     4
     8
    23
     1
    53
    46
    27
     4
    17
     5
    10
     8
    25
     1
    52
    44
    27
     7
    24
     9
    11
     6
    22
     1
    52
    42
    26
     2
    21
    13
     7
     7
    23
     1
    52
    43
    27
     0
    21
     8
    10
     8
    20
     1
    48
    44
    27
     7
    18
    10
     2
     7
    19
     1
    47
    42
    23
     7
    19
    10
    13
     7
    11
     1
    53
    43
    27
     3
    18
    11
     6
     7
    12
     1
    53
    42
    21
     2
    19
    10
    12
     7
    13
     1
    49
    45
    27
     8
    19
    11
     6
     9
    13
     1
    49
    39
    26
     4
    20
     7
     7
    10
    18
     1
    52
    42
    28
     2
    18
     5
     6
     7
    16
     1
    53
    40
    34
     3
    22
    10
     3
     8
    16
     1
    57
    46
    29
     6
    23
    13
     7
     9
    19
     1
    51
    43
    34
     2
    27
    10
    10
     8
    17
     1
    58
    36
    31
     2
    28
     6
    10
     7
    13
     1
    54
    37
    29
     2
    24
    11
     0
     2
    14
     1
    54
    19
     1
    48
    50
    26
     2
     2
     8
     4
     8
    14
     1
    52
    48
    27
     2
     2
     8
     2
     7
